8564
28455 11535 3577 28425 1377 1770 8462 28949 30103 23166 9202 12491 6543 4232 14909 27122 2630 14629 25190 21683 17550 11752 24456 30797 251 6698 28774 5643 17152 23969 30636 16500 25430 32053 31096 29377 6557 5646 4632 15508 18758 1778 18966 21990 5552 17358 27505 12097 401 1938 15406 21040 7576 22594 16911 9717 2641 4426 29603 27769
26643 31359 2953 22897 7891 27338 30270 31431
5119 19133 30004 18921 20206 30753 20145 9141 27908 182 23726 4557 11469 11368 31924 7079 22455 16251 16457 12739 27929 2428 4116 21561 32371 24695 2625 1940 8440 23658 8231 3042 6217 26362 14120 2572 7812 29541 20697 11108 28029 29368 32355 20349 27979 22594 9002 21567 11271 16968 19116 9274 720
5547 32571 3090 17830 654 12573
11308 5381 10978 17536 16562 8428 12803 6367 18328 15474 6659 20324 32174 7546 15434 10929 28325 26177 8753 32391 4036 9537 5466 20177 29404 3158 2626 24548 9598 8992 6425 7173
30888 30929 29227
6214 12405 4615 6308 17858 29372 10562 32258 17593 22494 1542 11387 12098 27046 17087 27991 8146 13768 24355 1803 12893 23158 27248 20072 8382 16686 8948 22545 32345 31702 11987 24114 22271 30730 20997 11887 13586 31925 17822 13339 21225 9694 5202 29355 31605 21189 8248 1130 24101 14895 13774 29038 23048 6398 20542 29386 1074 12036 29407 30213 28000 32281 15359 29899 27359 32619 5344 29923
17174 8960 17505 31442 11765 24221 17949 23586 18871 29305 25187 22532 23349 18651 28652 27038 13058 27094 10509 10818 27716 3789 303 8453 3523 3895 28287 13741 16704 2720 31719 19153 5384 29680 14140 17211 31689 25072 20409 30353 32419 18698 30892 22837 21890 593 25711 23401 22956 17345 27546 17335 1686 28103 13431 2192 31996 20996 28342 27955 15408 22350 30562 26064 1459 7927 30996 1773 7938 3922 23655 1034 26034 26484 7339 384 27071 16440 21726 15791 546
6360 21848 4001 31444 28357 10056 25067 25068 31960 6967 29412 4848 16190 20463
16028 23121 29873 11081 19404 23823 20948 14092 17726 1994
23700 21656 27424 12985 25996 28333 29486 14319 7438 5372 13057 5238 5817 20601 1101 7554 27652 18833 20322 13686 25553 8552 3931 3917 14406 28773 26265 16696 28376 3568 22384 27272 30376 1402 29983 28879 275 23742 8454 6210 18564 3911 10259 31586 14733 25395 21630 9692 12855 31542 18358 22189 19350 18914 12443 11657 24992 18981 12781 18302 19775 8467 3332 3797 1188 3301 25794 16953 5599 17730 11463 30491 12204 12478 6371 6996 11408 5025 8401 14860 21541 7145 27682
18098 28306 14967 31279 18175 6676 7155 28142 22120 4654 3568
22319 6370 20465 1342 10519 14529 1240 10560 29742 13416 29786 18324 5610 3915 175 13276 25719 5041 9358 12618 15440 31232 3416 29701 3085 5435 9620 20943 21115 10441 9115 26086 17138 19320 28820 11303 995 31681 31651 22393
18766 19806 26473 24514 14265 28545 16658 31189 16023 31970 20288 22422 2741 28071 28117 22639 25761 29622 9323 19874 24684 31597 29754 8341 15023 9364 15676 13164 1740 18319 32400 12253 4726 23256 30237 14400 8820 19629 25463 12006 27809 9478 29190 1964 29496 970 3685 22480 9550 20290 11016 6147 26784 9934 14370 19647 28815 28119 21189 2266 1641 772 28491 32348 9962 30641 758 4494 6403 23453 28883 8787 25049 28898 15844 32699 14865 23595 20605 14806 26699
16111 17862 9452 6950 29028